0 7 14 24 34 42 49 59 66 71 79 89 95 103 108 135 137 139
1 8 15 25 35 43 49 60 67 72 80 90 96 104 109 135 137 139
2 7 15 26 36 42 50 59 66 73 81 91 97 105 108 135 137 139
3 8 16 25 35 44 51 61 68 72 82 92 96 106 110 135 137 139
1 8 16 25 35 43 51 62 67 72 80 90 96 104 111 135 137 139
2 9 15 27 37 45 52 63 69 73 79 91 98 105 108 135 137 140
2 7 15 26 38 42 53 59 69 73 81 91 99 105 108 135 137 140
4 8 14 25 35 44 49 61 68 72 82 90 96 106 112 135 137 139
1 10 14 28 39 43 54 64 68 72 80 93 100 103 113 136 138 139
5 11 15 28 38 43 53 60 69 71 79 94 99 107 108 135 137 140
1 10 14 28 39 43 54 64 68 72 80 93 100 103 113 136 138 139
0 7 16 24 34 42 55 65 67 73 79 91 95 103 114 135 137 139
6 10 17 29 39 46 55 65 69 74 83 93 100 103 108 135 137 139
0 7 18 26 36 47 52 64 69 75 84 89 97 107 108 135 137 140
6 10 17 30 39 47 51 65 68 74 83 93 100 103 115 136 138 139
0 11 16 24 34 42 51 63 67 71 79 89 95 105 109 135 137 139
2 11 14 27 37 42 50 63 70 71 79 89 98 104 108 135 137 141
0 7 18 26 37 47 50 59 68 76 84 93 98 103 108 136 138 139
6 10 19 31 39 45 56 60 68 72 85 93 100 103 116 136 138 139
6 10 18 31 39 45 56 60 68 72 85 93 100 103 116 136 138 139
6 10 20 32 34 47 57 65 68 77 86 93 95 103 117 136 138 139
6 8 16 29 35 44 49 61 66 72 82 92 96 106 108 135 137 139
6 12 16 29 40 44 49 61 68 72 82 92 101 106 110 135 137 139
5 11 16 28 38 43 50 60 70 71 80 94 99 104 108 135 137 140
6 10 20 33 41 47 58 65 68 77 86 93 102 103 117 136 138 139
6 10 20 33 39 47 51 65 68 77 86 93 100 103 117 136 138 139
6 10 20 33 40 47 58 65 68 77 86 93 101 103 117 136 138 139
6 10 21 30 41 47 58 65 68 77 86 93 102 103 117 136 138 139
6 10 20 33 41 47 58 65 68 77 86 93 102 103 117 136 138 139
6 10 20 33 39 47 51 65 68 77 86 93 100 103 117 136 138 139
6 10 21 33 40 47 58 65 68 76 87 93 101 103 117 136 138 139
6 10 21 30 41 47 58 65 68 76 87 93 102 103 117 136 138 139
6 10 21 30 41 47 58 65 68 76 87 93 102 103 117 136 138 139
6 10 21 30 41 47 58 65 68 77 86 93 102 103 117 136 138 139
6 10 21 30 40 47 54 65 68 76 87 93 101 103 117 136 138 139
6 10 21 30 40 47 54 65 68 76 87 93 101 103 117 136 138 139
6 10 18 31 39 48 56 60 68 72 85 93 100 103 116 136 138 139
6 10 21 32 35 47 56 65 68 76 84 93 96 103 117 136 138 139
4 8 22 25 34 47 51 65 69 74 84 90 95 106 118 135 137 140
6 12 18 33 40 48 49 65 69 78 81 93 101 103 108 135 137 142
4 13 22 28 36 46 52 61 69 75 83 90 97 106 108 135 137 140
4 10 14 24 39 44 56 63 68 72 80 93 100 103 113 136 138 139
6 8 15 29 40 44 49 61 67 72 82 92 101 103 108 135 137 139
6 12 23 29 39 43 49 65 67 72 82 92 100 103 119 135 137 139
2 9 23 26 37 46 52 59 69 74 88 91 98 105 108 135 137 140
5 11 19 27 36 46 53 63 69 74 83 94 97 105 108 135 137 140
0 7 23 27 38 48 53 64 69 73 81 89 99 105 108 135 137 140
6 10 18 31 39 45 56 60 68 72 85 93 100 103 116 136 138 139
5 11 22 28 36 47 53 63 69 75 87 94 97 107 108 135 137 140
5 11 17 27 36 47 53 59 68 77 86 93 97 103 108 136 138 139
6 10 17 30 39 47 51 65 68 74 83 93 100 103 115 136 138 139
6 10 20 33 39 47 55 65 68 72 82 93 100 103 120 135 137 139
6 10 20 32 35 47 56 65 68 77 86 93 96 103 117 136 138 139
6 10 21 32 34 47 57 65 68 76 87 93 95 103 117 136 138 139
4 13 18 25 34 46 58 61 69 74 83 90 95 106 118 135 137 140
6 10 20 33 39 47 55 65 68 72 82 93 100 103 121 135 137 139
6 10 20 33 39 47 55 65 68 72 82 93 100 103 122 135 137 139
3 12 16 25 40 44 51 61 68 72 82 92 101 106 112 135 137 139
2 9 16 24 36 42 55 64 66 73 79 91 97 103 108 135 137 139
4 10 14 24 39 44 56 63 68 72 80 93 100 103 113 136 138 139
5 11 23 28 36 42 53 60 69 71 79 94 97 104 108 135 137 140
4 10 23 25 39 43 55 65 66 72 79 92 100 103 108 135 137 139
6 10 18 30 40 47 54 65 68 73 81 93 101 103 117 136 138 139
6 10 18 30 35 47 56 65 68 73 81 93 96 103 117 136 138 139
1 8 15 25 35 43 49 60 67 72 80 90 96 104 109 135 137 139
2 9 15 26 37 42 50 59 69 73 81 91 98 105 108 135 137 140
5 11 15 28 38 43 50 63 69 71 80 94 99 104 108 135 137 140
4 11 23 31 34 48 51 65 70 73 81 90 95 103 108 135 137 143
6 10 22 33 39 47 51 65 68 73 81 93 100 103 117 136 138 139
6 10 22 33 39 47 51 65 68 78 81 93 100 103 117 136 138 139
6 10 22 33 39 47 51 65 68 78 81 93 100 103 117 136 138 139
6 10 22 33 39 47 51 65 68 78 81 93 100 103 117 136 138 139
6 10 22 33 41 47 58 65 68 78 81 93 102 103 117 136 138 139
6 8 23 33 40 42 49 65 69 73 79 92 101 103 108 135 137 144
6 10 22 33 35 47 54 65 68 73 81 93 96 103 117 136 138 139
6 10 22 33 35 47 56 65 68 73 81 93 96 103 117 136 138 139
6 10 22 30 40 47 54 65 68 78 81 93 101 103 117 136 138 139
6 10 22 30 35 47 54 65 68 78 81 93 96 103 117 136 138 139
6 10 17 30 41 47 58 65 68 78 88 93 102 103 117 136 138 139
6 10 17 30 41 47 58 65 68 78 88 93 102 103 117 136 138 139
6 10 17 30 39 47 58 65 68 78 88 93 100 103 117 136 138 139
6 10 17 30 39 47 58 65 68 78 88 93 100 103 117 136 138 139
6 10 17 30 40 47 54 65 68 78 88 93 101 103 117 136 138 139
6 10 17 30 40 47 54 65 68 78 88 93 101 103 117 136 138 139
6 10 19 31 39 45 56 60 68 72 85 93 100 103 116 136 138 139
6 10 19 31 39 45 56 60 68 72 85 93 100 103 116 136 138 139
0 11 16 27 38 42 50 63 70 71 79 89 99 104 108 135 137 140
2 9 14 26 37 48 50 59 66 78 88 91 98 105 108 135 137 139
3 12 16 29 40 44 49 61 68 72 82 92 101 106 110 135 137 139
5 11 16 28 38 43 50 62 70 71 79 94 99 104 108 135 137 140
5 11 18 28 38 47 50 60 70 75 84 94 99 104 108 135 137 140
6 10 16 29 39 44 55 65 69 72 82 93 100 103 108 135 137 139
6 10 18 31 39 48 56 60 68 72 85 93 100 103 116 136 138 139
4 10 14 24 39 44 56 63 68 72 82 93 100 103 113 136 138 139
6 8 15 29 40 44 49 61 67 72 82 92 101 103 108 135 137 139
4 13 23 28 34 43 56 62 67 71 80 90 95 106 123 135 137 139
6 10 18 31 39 45 56 60 68 72 85 93 100 103 116 136 138 139
6 12 17 29 39 47 49 61 67 74 84 92 100 106 124 135 137 139
5 11 15 28 36 42 53 60 69 71 79 94 97 106 108 135 137 140
6 8 15 29 40 44 49 61 66 72 82 92 101 103 108 135 137 139
2 9 15 27 37 48 57 59 70 73 81 91 98 105 108 135 137 140
2 7 23 27 37 42 53 64 70 73 81 89 98 105 108 135 137 140
6 10 17 30 39 47 51 65 68 74 83 93 100 103 115 136 138 139
1 13 15 28 34 43 56 61 69 71 80 94 95 104 108 135 137 140
6 8 16 29 35 44 49 61 66 72 82 92 96 106 108 135 137 139
5 10 15 28 39 43 54 64 68 72 80 93 100 103 113 136 138 139
0 7 16 24 36 42 55 64 66 73 79 89 97 103 108 135 137 139
2 9 14 26 37 48 52 59 69 73 81 91 98 105 108 135 137 140
5 11 15 27 34 43 53 64 67 71 80 94 95 107 108 135 137 139
5 13 16 24 34 43 51 63 67 71 79 94 95 107 109 135 137 139
6 12 17 29 39 46 55 65 67 74 83 92 100 103 125 135 137 139
6 12 17 29 39 46 55 65 67 74 83 92 100 103 126 135 137 139
6 10 19 31 39 45 56 60 68 72 85 93 100 103 116 136 138 139
6 10 19 31 39 45 56 60 68 72 85 93 100 103 116 136 138 139
5 11 18 28 38 47 50 62 70 75 84 94 99 104 108 135 137 140
6 10 18 31 39 45 56 60 68 72 85 93 100 103 116 136 138 139
2 9 16 26 37 48 52 59 67 74 88 91 98 105 111 135 137 139
2 9 14 26 37 48 52 64 69 73 81 91 98 105 108 135 137 140
1 10 14 24 39 44 54 63 68 72 80 93 100 103 113 136 138 139
5 9 15 27 37 45 52 62 69 73 79 91 98 107 108 135 137 140
6 10 19 31 39 45 56 60 68 72 85 93 100 103 116 136 138 139
1 13 22 24 36 47 50 60 69 75 84 90 97 104 108 135 137 140
1 13 22 24 36 47 50 61 69 75 84 90 97 106 108 135 137 140
5 7 22 27 36 47 50 59 68 76 87 93 97 103 108 136 138 139
1 13 14 25 34 43 55 65 68 72 80 90 95 103 127 135 137 139
0 7 16 24 36 42 55 64 66 73 79 89 97 103 108 135 137 139
3 13 15 29 35 43 49 61 67 71 82 90 96 103 108 135 137 139
6 10 21 32 34 47 57 65 68 77 86 93 95 103 117 136 138 139
4 8 14 25 35 44 49 61 68 72 82 90 96 106 110 135 137 139
6 8 16 29 35 44 49 61 66 72 82 92 96 106 108 135 137 139
6 10 20 33 39 47 55 65 68 72 82 93 100 103 108 135 137 139
6 10 21 33 41 47 58 65 68 76 87 93 102 103 117 136 138 139
6 10 17 33 41 47 58 65 68 75 84 93 102 103 117 136 138 139
6 10 17 33 39 47 51 65 68 75 84 93 100 103 117 136 138 139
6 10 17 33 39 47 51 65 68 75 84 93 100 103 117 136 138 139
6 10 17 33 40 47 58 65 68 75 84 93 101 103 117 136 138 139
6 10 17 33 40 47 58 65 68 75 84 93 101 103 117 136 138 139
6 10 20 30 41 47 58 65 68 77 86 93 102 103 117 136 138 139
6 10 20 30 41 47 58 65 68 77 86 93 102 103 117 136 138 139
6 10 20 30 41 47 58 65 68 77 86 93 102 103 117 136 138 139
6 10 20 30 41 47 58 65 68 77 86 93 102 103 117 136 138 139
6 10 17 30 40 47 54 65 68 75 84 93 101 103 117 136 138 139
6 10 21 30 40 47 54 65 68 76 87 93 101 103 117 136 138 139
1 10 14 28 39 44 56 63 68 72 80 93 100 103 113 136 138 139
6 10 21 32 35 47 56 65 68 76 87 93 96 103 117 136 138 139
4 8 22 25 34 46 51 65 69 74 83 92 95 106 118 135 137 140
1 10 20 28 39 47 53 63 68 72 86 93 100 103 116 136 138 139
6 12 17 29 39 46 55 65 67 75 83 92 100 103 128 135 137 139
6 10 20 29 39 47 57 65 68 72 82 93 100 103 129 136 138 139
6 8 23 33 40 42 49 65 69 73 79 92 101 103 108 135 137 144
6 10 20 32 34 47 57 65 68 77 86 93 95 103 117 136 138 139
6 10 20 32 35 47 56 65 68 77 86 93 96 103 117 136 138 139
4 8 22 25 34 47 58 65 69 75 84 90 95 106 118 135 137 140
1 11 14 24 38 43 53 60 69 72 82 94 99 107 108 135 137 140
2 9 16 26 38 48 52 59 67 73 88 91 99 105 108 135 137 139
0 7 15 27 37 42 53 63 69 71 79 89 98 107 108 135 137 140
1 8 15 25 35 43 49 60 67 72 80 90 96 104 109 135 137 139
6 10 19 31 39 45 56 60 68 72 85 93 100 103 116 136 138 139
6 10 19 31 39 45 56 60 68 72 85 93 100 103 116 136 138 139
6 10 20 33 39 47 55 65 68 72 82 93 100 103 130 135 137 139
1 11 16 25 34 43 51 62 66 71 80 94 95 107 108 135 137 139
6 10 18 31 39 48 56 60 68 72 88 93 100 103 116 136 138 139
4 10 14 24 39 44 56 63 68 72 80 93 100 103 113 136 138 139
0 7 15 27 37 42 50 63 69 73 79 89 98 107 108 135 137 140
6 10 19 31 39 45 56 60 68 72 85 93 100 103 116 136 138 139
0 9 14 28 37 42 52 61 69 71 80 91 98 105 118 135 137 140
4 13 15 25 35 43 55 65 66 71 80 90 96 103 108 135 137 139
0 7 16 24 34 42 55 64 66 71 79 89 95 103 108 135 137 139
6 10 17 29 39 47 49 61 68 72 83 93 100 103 131 136 138 139
6 10 17 29 39 47 49 61 68 72 83 93 100 103 131 136 138 139
6 10 22 29 39 47 51 61 68 72 88 93 100 103 132 136 138 139
6 12 14 33 39 44 55 65 67 72 82 93 100 103 133 135 137 139
6 13 14 29 35 44 49 61 66 72 82 92 96 106 108 135 137 139
4 10 14 24 39 44 56 63 68 72 82 93 100 103 113 136 138 139
6 10 23 29 39 43 51 61 68 72 80 93 100 103 115 136 138 139
6 10 14 29 39 44 49 65 69 72 82 92 100 103 108 135 137 139
2 9 15 26 36 45 50 59 67 73 81 91 97 105 108 135 137 139
1 8 15 25 35 43 49 60 67 72 80 90 96 104 109 135 137 139
0 11 18 27 36 47 53 63 69 75 84 94 97 107 108 135 137 140
6 10 18 31 39 45 56 60 68 72 85 93 100 103 116 136 138 139
6 10 19 31 39 45 56 60 68 72 85 93 100 103 116 136 138 139
1 13 18 24 36 47 53 61 69 75 84 94 97 104 108 135 137 140
4 8 14 25 35 44 49 61 68 72 82 90 96 106 110 135 137 139
6 10 18 31 39 45 56 60 68 72 85 93 100 103 116 136 138 139
1 10 14 24 39 44 54 63 68 72 80 93 100 103 113 136 138 139
4 13 15 25 35 43 55 65 68 71 80 90 96 103 127 135 137 139
0 7 15 24 34 42 55 64 66 73 79 89 95 103 108 135 137 139
6 10 19 31 39 45 56 60 68 72 85 93 100 103 116 136 138 139
5 7 19 28 37 46 50 60 69 74 88 89 98 107 108 135 137 140
2 9 23 26 37 46 52 59 69 74 83 91 98 107 108 135 137 140
5 11 19 28 38 48 53 63 69 78 88 94 99 104 108 135 137 140
2 9 14 27 37 48 52 59 69 73 81 91 98 105 111 135 137 139
1 10 14 28 39 44 54 63 68 72 80 93 100 103 113 136 138 139
2 11 23 26 36 45 52 59 69 73 81 89 97 107 108 135 137 140
0 7 23 26 38 46 50 59 69 78 88 89 99 104 108 135 137 140
5 13 22 27 36 47 50 62 69 75 84 94 97 106 108 135 137 140
0 7 19 26 38 46 50 64 69 74 83 89 99 104 108 135 137 140
6 12 22 29 39 46 55 65 67 74 83 92 100 103 134 135 137 139
6 10 19 31 39 45 56 60 68 72 85 93 100 103 116 136 138 139
6 10 19 31 39 45 56 60 68 72 85 93 100 103 116 136 138 139
6 10 20 32 34 47 57 65 68 77 86 93 95 103 117 136 138 139
0 11 16 26 38 42 52 63 70 71 79 89 99 104 108 135 137 140
0 11 16 27 38 42 52 63 70 71 79 94 99 104 108 135 137 140
1 8 16 25 35 43 51 62 67 72 80 90 96 104 109 135 137 139
4 13 15 25 35 43 55 65 68 71 80 90 96 103 127 135 137 139
4 8 14 25 35 44 49 61 68 72 82 90 96 106 112 135 137 139
0 7 15 24 34 42 55 64 66 73 79 89 95 103 108 135 137 139
5 7 19 27 38 46 53 63 69 78 88 89 99 104 108 135 137 140
6 10 21 33 41 47 58 65 68 76 87 93 102 103 117 136 138 139
6 10 21 33 41 47 58 65 68 76 87 93 102 103 117 136 138 139
6 10 21 33 39 47 51 65 68 76 87 93 100 103 117 136 138 139
6 10 21 33 39 47 51 65 68 76 87 93 100 103 117 136 138 139
6 10 21 33 40 47 58 65 68 76 87 93 101 103 117 136 138 139
6 10 21 33 40 47 58 65 68 76 87 93 101 103 117 136 138 139
6 10 20 30 41 47 58 65 68 77 86 93 102 103 117 136 138 139
6 10 20 30 41 47 58 65 68 77 86 93 102 103 117 136 138 139
6 10 20 30 41 47 58 65 68 77 86 93 102 103 117 136 138 139
6 10 20 30 41 47 58 65 68 77 86 93 102 103 117 136 138 139
6 10 21 30 40 47 54 65 68 76 87 93 101 103 117 136 138 139
6 10 21 30 40 47 54 65 68 76 87 93 101 103 117 136 138 139
6 10 18 31 39 48 56 60 68 72 88 93 100 103 116 136 138 139
5 11 19 27 36 48 53 63 69 78 88 94 97 104 108 135 137 140
6 10 17 32 35 47 56 65 68 74 83 93 96 103 117 136 138 139
4 8 22 25 34 46 51 65 69 74 84 90 95 106 118 135 137 140
4 10 14 24 39 44 56 63 68 72 80 93 100 103 113 136 138 139
4 13 23 29 34 43 49 61 66 71 79 90 95 106 108 135 137 139
6 10 19 31 39 45 56 60 68 72 85 93 100 103 116 136 138 139
0 7 19 27 38 46 50 64 69 74 83 89 99 104 108 135 137 140
0 7 19 26 38 46 50 64 69 74 83 89 99 104 108 135 137 140
6 10 20 32 34 47 57 65 68 77 86 93 95 103 117 136 138 139
6 10 20 32 35 47 56 65 68 77 86 93 96 103 117 136 138 139
3 8 22 25 34 46 58 65 69 74 83 92 95 106 118 135 137 140
5 11 15 28 38 43 53 60 69 71 80 94 99 107 108 135 137 140
2 9 16 28 38 42 56 59 68 71 79 91 99 105 110 135 137 139
2 9 14 26 37 48 52 59 69 78 81 91 98 105 111 135 137 139
2 9 14 26 37 48 52 59 69 78 81 91 98 105 108 135 137 140
4 10 14 24 39 44 56 63 68 72 82 93 100 103 113 136 138 139
0 11 16 26 36 42 50 63 69 71 79 89 97 107 108 135 137 140
2 9 16 26 37 45 52 59 69 73 81 91 98 105 108 135 137 140
4 10 23 29 39 42 55 65 66 72 81 92 100 103 108 135 137 139
4 10 23 25 39 42 55 65 66 72 81 92 100 103 108 135 137 139
5 11 18 27 38 47 52 63 70 75 84 94 99 107 108 135 137 140
6 10 23 29 39 44 55 65 66 72 82 93 100 103 118 135 137 139
4 10 23 29 39 43 55 65 69 72 81 92 100 103 108 135 137 139
5 11 18 27 37 47 52 63 70 75 87 94 98 107 108 135 137 140
5 11 22 27 36 47 50 63 69 75 87 94 97 107 108 135 137 140
0 11 22 27 36 47 50 63 69 76 86 94 97 107 108 135 137 140
6 10 20 30 41 47 58 65 68 77 86 93 102 103 117 136 138 139
6 10 21 30 41 47 58 65 68 76 87 93 102 103 117 136 138 139
6 10 21 30 39 47 58 65 68 76 87 93 100 103 117 136 138 139
6 10 21 30 39 47 58 65 68 76 87 93 100 103 117 136 138 139
6 10 21 30 40 47 54 65 68 76 87 93 101 103 117 136 138 139
6 10 21 30 40 47 54 65 68 76 87 93 101 103 117 136 138 139
6 10 19 31 39 45 56 60 68 72 85 93 100 103 116 136 138 139
6 10 19 31 39 45 56 60 68 72 85 93 100 103 116 136 138 139
3 13 14 25 34 43 49 62 66 71 82 90 95 104 108 135 137 139
0 7 16 24 34 42 55 64 66 73 79 89 95 103 108 135 137 139
1 13 16 25 34 43 55 65 68 71 80 90 95 103 127 135 137 139
6 10 18 31 39 48 56 60 68 72 85 93 100 103 116 136 138 139
4 10 14 24 39 44 56 63 68 72 80 93 100 103 113 136 138 139
6 12 23 33 41 44 49 65 67 72 82 93 102 103 108 135 137 139
6 10 18 31 39 45 56 60 68 72 85 93 100 103 116 136 138 139
2 9 16 26 37 46 52 59 66 78 83 91 98 105 108 135 137 139
2 9 16 26 37 48 50 59 68 73 81 91 98 105 110 135 137 139
3 12 16 25 40 44 51 61 68 72 82 92 101 106 112 135 137 139
5 7 23 28 36 48 57 61 69 78 88 89 97 107 108 135 137 140
1 10 14 28 39 44 54 63 68 72 80 93 100 103 113 136 138 139
2 9 16 26 36 42 50 59 66 73 81 91 97 105 108 135 137 139
6 8 17 29 40 47 49 65 66 75 84 92 101 106 108 135 137 139
2 7 23 26 38 48 53 59 69 78 88 89 99 104 108 135 137 140
0 7 15 24 34 42 55 64 66 71 79 89 95 103 108 135 137 139
6 10 18 31 39 45 56 60 68 72 85 93 100 103 116 136 138 139
6 10 19 31 39 45 56 60 68 72 85 93 100 103 116 136 138 139
2 7 23 26 38 48 50 59 69 78 88 91 99 104 108 135 137 140
6 10 18 31 39 48 56 60 68 72 85 93 100 103 116 136 138 139
5 11 19 28 38 48 53 63 69 78 88 94 99 104 108 135 137 140
6 10 19 31 39 45 56 60 68 72 85 93 100 103 116 136 138 139
5 7 15 28 38 42 53 62 69 73 79 94 99 107 108 135 137 140
6 10 20 32 34 47 57 65 68 77 86 93 95 103 117 136 138 139
5 11 19 27 38 48 53 63 69 78 88 94 99 104 108 135 137 140
2 9 23 27 37 46 52 63 69 74 88 91 98 105 108 135 137 140
0 7 23 28 37 48 52 60 69 78 81 89 98 107 108 135 137 140
5 7 23 27 37 48 52 61 69 78 81 89 98 107 108 135 137 140
6 10 20 33 41 47 58 65 68 77 86 93 102 103 117 136 138 139
6 10 20 33 41 47 58 65 68 77 86 93 102 103 117 136 138 139
6 10 20 33 39 47 51 65 68 77 86 93 100 103 117 136 138 139
6 10 20 33 39 47 51 65 68 77 86 93 100 103 117 136 138 139
6 10 21 33 40 47 58 65 68 76 87 93 101 103 117 136 138 139
6 10 21 33 40 47 58 65 68 76 87 93 101 103 117 136 138 139
6 10 21 30 41 47 58 65 68 76 87 93 102 103 117 136 138 139
6 10 21 30 41 47 58 65 68 76 87 93 102 103 117 136 138 139
6 10 21 30 41 47 58 65 68 76 86 93 102 103 117 136 138 139
6 10 21 30 41 47 58 65 68 76 87 93 102 103 117 136 138 139
6 10 21 30 40 47 54 65 68 76 87 93 101 103 117 136 138 139
6 10 21 30 40 47 54 65 68 76 87 93 101 103 117 136 138 139
0 9 23 27 37 46 52 63 69 74 88 91 98 105 108 135 137 140
1 13 18 28 38 46 50 61 69 74 83 94 99 106 108 135 137 140
1 13 18 28 38 46 52 61 69 74 83 90 99 106 108 135 137 140
0 11 15 26 36 42 50 63 69 71 79 94 97 104 108 135 137 140
6 10 20 32 35 47 56 65 68 77 86 93 96 103 117 136 138 139
4 8 22 25 34 46 51 65 69 74 83 90 95 106 118 135 137 140
2 7 23 26 38 48 53 59 69 78 88 89 99 104 108 135 137 140
5 9 23 28 37 46 52 62 69 74 88 89 98 105 108 135 137 140
5 7 22 27 37 47 52 59 68 77 87 93 98 103 108 136 138 139
6 10 17 30 39 47 51 65 68 74 83 93 100 103 115 136 138 139
6 10 17 32 34 47 57 65 68 75 83 93 95 103 117 136 138 139
6 10 17 32 35 47 56 65 68 75 84 93 96 103 117 136 138 139
4 8 22 25 34 46 51 65 69 74 83 92 95 106 118 135 137 140
5 11 19 27 38 48 53 63 69 78 88 94 99 104 108 135 137 140
6 10 19 31 39 45 56 60 68 72 85 93 100 103 116 136 138 139
6 10 19 31 39 45 56 60 68 72 85 93 100 103 116 136 138 139
5 11 19 27 38 48 53 63 69 78 88 94 99 104 108 135 137 140
2 9 19 27 37 47 52 64 69 77 84 91 98 105 108 135 137 140
6 10 18 31 39 45 56 60 68 72 85 93 100 103 116 136 138 139
0 7 23 27 38 48 53 64 69 78 88 89 99 107 108 135 137 140
4 13 15 25 35 43 55 65 68 71 80 90 96 103 127 135 137 139
0 11 18 27 38 46 53 64 70 74 83 89 99 105 108 135 137 140
6 10 18 31 39 48 56 60 68 72 85 93 100 103 116 136 138 139
1 10 18 24 39 46 54 63 68 72 83 93 100 103 113 136 138 139
1 13 23 25 34 43 51 62 67 71 79 90 95 104 109 135 137 139
0 7 18 26 36 47 50 64 69 75 84 89 97 105 108 135 137 140
6 10 17 30 39 47 49 65 66 74 83 93 100 103 108 135 137 139
2 9 23 26 37 46 52 59 69 74 88 91 98 105 111 135 137 139
4 10 22 24 39 46 56 63 68 72 83 93 100 103 113 136 138 139
6 10 17 29 39 46 55 65 66 74 83 93 100 103 108 135 137 139
5 11 18 26 36 47 52 63 69 75 84 94 97 104 108 135 137 140
2 7 23 26 37 46 52 59 69 78 83 91 98 107 108 135 137 140
2 9 23 26 37 47 52 59 69 77 84 91 98 105 108 135 137 140
6 12 17 29 41 47 55 65 66 75 84 92 102 103 108 135 137 139
1 13 22 24 36 47 50 61 69 75 84 90 97 106 108 135 137 140
1 13 22 24 36 47 50 61 69 75 84 90 97 106 108 135 137 140
6 8 17 29 40 47 49 65 66 75 84 92 101 106 108 135 137 139
1 13 22 28 36 47 50 60 69 75 84 90 97 104 108 135 137 140
6 12 17 29 39 46 49 65 66 75 83 93 100 103 108 135 137 139
1 13 22 28 36 47 52 61 69 75 84 90 97 106 108 135 137 140
6 10 22 25 39 47 56 61 68 72 88 93 100 103 116 136 138 139
6 10 22 25 39 47 56 61 68 72 88 93 100 103 116 136 138 139
